-229.36
-209.84
-195.2
-165.92
-156.16
-136.64
-136.64
-131.76
-122
-122
-126.88
-112.24
-107.36
-92.72
-78.08
-73.2
-58.56
-48.8
-43.92
-39.04
-43.92
-34.16
-19.52
0
24.4
24.4
29.28
48.8
48.8
53.68
58.56
53.68
63.44
68.32
68.32
87.84
92.72
117.12
131.76
141.52
161.04
161.04
170.8
180.56
170.8
175.68
180.56
200.08
214.72
209.84
219.6
234.24
234.24
244
248.88
239.12
248.88
248.88
258.64
263.52
263.52
278.16
283.04
283.04
283.04
268.4
268.4
268.4
253.76
248.88
248.88
248.88
253.76
248.88
244
229.36
209.84
204.96
185.44
165.92
165.92
156.16
156.16
151.28
146.4
146.4
146.4
122
107.36
78.08
68.32
73.2
73.2
78.08
73.2
73.2
82.96
73.2
68.32
58.56
43.92
48.8
43.92
34.16
39.04
29.28
34.16
34.16
24.4
19.52
4.88
0
0
-9.76
-9.76
-14.64
-14.64
0
0
-4.88
0
-4.88
-9.76
-24.4
-43.92
-29.28
-24.4
-9.76
-9.76
-19.52
-14.64
-14.64
-29.28
-34.16
-48.8
-53.68
-58.56
-73.2
-73.2
-78.08
-78.08
-63.44
-73.2
-73.2
-78.08
-92.72
-87.84
-92.72
-107.36
-102.48
-97.6
-82.96
-78.08
-78.08
-63.44
-58.56
-68.32
-63.44
-82.96
-82.96
-78.08
-73.2
-58.56
-63.44
-58.56
-43.92
-48.8
-48.8
-58.56
-68.32
-63.44
-63.44
-73.2
-63.44
-58.56
-43.92
-39.04
-48.8
-48.8
-63.44
-63.44
-53.68
-68.32
-58.56
-48.8
-43.92
-34.16
-39.04
-39.04
-39.04
-48.8
-53.68
-68.32
-78.08
-78.08
-92.72
-107.36
-122
-146.4
-146.4
-156.16
-175.68
-190.32
-204.96
-185.44
-170.8
-161.04
-122
-102.48
-146.4
-195.2
-292.8
-380.64
-405.04
-385.52
-385.52
-409.92
-429.44
-434.32
-429.44
-405.04
-370.88
-346.48
-322.08
-307.44
-292.8
-278.16
-268.4
-244
-224.48
-209.84
-185.44
-161.04
-151.28
-126.88
-122
-117.12
-122
-122
-112.24
-112.24
-112.24
-92.72
-87.84
-63.44
-43.92
-34.16
-29.28
-29.28
-19.52
0
-4.88
9.76
19.52
29.28
63.44
63.44
68.32
97.6
97.6
102.48
102.48
107.36
122
131.76
165.92
180.56
190.32
219.6
234.24
234.24
234.24
229.36
234.24
248.88
248.88
258.64
263.52
283.04
297.68
297.68
307.44
307.44
297.68
317.2
317.2
317.2
322.08
326.96
336.72
346.48
341.6
351.36
356.24
361.12
361.12
336.72
331.84
331.84
322.08
326.96
322.08
317.2
317.2
302.56
292.8
268.4
248.88
248.88
239.12
219.6
214.72
195.2
200.08
195.2
170.8
165.92
136.64
131.76
122
102.48
102.48
102.48
102.48
122
102.48
107.36
117.12
102.48
92.72
82.96
63.44
73.2
63.44
73.2
73.2
58.56
58.56
58.56
39.04
39.04
19.52
14.64
14.64
9.76
4.88
4.88
0
14.64
-4.88
-9.76
-24.4
-19.52
-9.76
-19.52
-34.16
-29.28
-39.04
-29.28
-43.92
-48.8
-43.92
-43.92
-58.56
-58.56
-82.96
-82.96
-87.84
-82.96
-68.32
-78.08
-78.08
-68.32
-63.44
-53.68
-78.08
-97.6
-73.2
-68.32
-97.6
-87.84
-97.6
-63.44
-29.28
-48.8
-58.56
-68.32
-53.68
-43.92
-87.84
-92.72
-78.08
-63.44
-53.68
-63.44
-78.08
-43.92
-39.04
-34.16
-48.8
-53.68
-34.16
-29.28
-39.04
-43.92
-39.04
-34.16
-39.04
-43.92
-39.04
-48.8
-39.04
-29.28
-34.16
-19.52
-4.88
-4.88
-4.88
-19.52
-14.64
-39.04
-73.2
-82.96
-112.24
-136.64
-136.64
-151.28
-146.4
-146.4
-170.8
-161.04
-151.28
-136.64
-107.36
-87.84
-107.36
-156.16
-229.36
-331.84
-409.92
-409.92
-380.64
-390.4
-405.04
-419.68
-439.2
-414.8
-395.28
-370.88
-336.72
-322.08
-302.56
-283.04
-273.28
-253.76
-244
-224.48
-209.84
-209.84
-185.44
-165.92
-146.4
-117.12
-107.36
-102.48
-78.08
-68.32
-68.32
-73.2
-68.32
-48.8
-34.16
-9.76
4.88
9.76
34.16
53.68
58.56
63.44
63.44
78.08
97.6
102.48
117.12
131.76
146.4
165.92
165.92
175.68
180.56
175.68
195.2
200.08
209.84
229.36
229.36
244
248.88
248.88
263.52
268.4
268.4
273.28
263.52
268.4
273.28
283.04
302.56
302.56
302.56
317.2
312.32
312.32
307.44
302.56
312.32
297.68
292.8
302.56
302.56
312.32
322.08
317.2
307.44
283.04
283.04
278.16
253.76
248.88
244
234.24
239.12
224.48
219.6
219.6
200.08
190.32
170.8
151.28
156.16
146.4
146.4
141.52
131.76
131.76
126.88
107.36
97.6
78.08
78.08
73.2
53.68
39.04
39.04
39.04
53.68
43.92
39.04
34.16
29.28
34.16
34.16
29.28
39.04
34.16
48.8
39.04
24.4
34.16
39.04
29.28
29.28
4.88
-4.88
-4.88
-4.88
4.88
0
4.88
24.4
24.4
29.28
19.52
0
-4.88
-29.28
-48.8
-53.68
-48.8
-39.04
-43.92
-58.56
-58.56
-63.44
-58.56
-48.8
-48.8
-39.04
-39.04
-34.16
-24.4
-43.92
-43.92
-24.4
-34.16
-29.28
-34.16
-39.04
-29.28
-24.4
-14.64
-14.64
-19.52
-4.88
-4.88
-14.64
-9.76
-34.16
-43.92
-53.68
-63.44
-73.2
-73.2
-68.32
-63.44
-73.2
-78.08
-78.08
-92.72
-82.96
-97.6
-107.36
-97.6
-102.48
-87.84
-78.08
-82.96
-63.44
-53.68
-48.8
-43.92
-53.68
-43.92
-39.04
-34.16
-14.64
-14.64
-4.88
9.76
9.76
9.76
4.88
-9.76
-4.88
-14.64
-29.28
-39.04
-58.56
-58.56
-73.2
-87.84
-102.48
-126.88
-146.4
-151.28
-151.28
-141.52
-122
-78.08
-39.04
-78.08
-122
-180.56
-273.28
-287.92
-258.64
-253.76
-263.52
-273.28
-273.28
-263.52
-258.64
-224.48
-195.2
-180.56
-175.68
-185.44
-170.8
-151.28
-141.52
-136.64
-126.88
-112.24
-92.72
-82.96
-68.32
-73.2
-78.08
-63.44
-63.44
-63.44
-53.68
-48.8
-39.04
-24.4
-24.4
-4.88
14.64
9.76
19.52
19.52
24.4
34.16
39.04
68.32
73.2
87.84
102.48
107.36
112.24
107.36
102.48
117.12
126.88
126.88
136.64
146.4
165.92
190.32
200.08
209.84
200.08
204.96
209.84
200.08
204.96
214.72
229.36
248.88
244
253.76
273.28
268.4
268.4
268.4
248.88
268.4
263.52
278.16
283.04
283.04
292.8
297.68
287.92
292.8
273.28
273.28
268.4
258.64
248.88
248.88
244
248.88
239.12
234.24
219.6
200.08
190.32
175.68
156.16
156.16
146.4
146.4
141.52
126.88
126.88
122
102.48
97.6
73.2
68.32
63.44
58.56
68.32
53.68
48.8
58.56
39.04
39.04
29.28
19.52
19.52
14.64
0
4.88
4.88
4.88
4.88
-4.88
-4.88
-24.4
-24.4
-24.4
-39.04
-43.92
-39.04
-39.04
-29.28
-39.04
-39.04
-29.28
-39.04
-39.04
-48.8
-58.56
-48.8
-48.8
-39.04
-29.28
-34.16
-19.52
-19.52
-24.4
-34.16
-43.92
-48.8
-43.92
-58.56
-53.68
-53.68
-48.8
-39.04
-48.8
-48.8
-58.56
-78.08
-82.96
-92.72
-107.36
-102.48
-107.36
-107.36
-112.24
-122
-122
-112.24
-117.12
-102.48
-102.48
-92.72
-73.2
-68.32
-48.8
-48.8
-39.04
-19.52
-19.52
-29.28
-39.04
-48.8
-43.92
-48.8
-58.56
-43.92
-48.8
-34.16
-34.16
-43.92
-43.92
-53.68
-53.68
-53.68
-63.44
-58.56
-58.56
-53.68
-34.16
-43.92
-43.92
-29.28
-39.04
-34.16
-43.92
-53.68
-43.92
-48.8
-34.16
-34.16
-39.04
-29.28
-24.4
-34.16
-29.28
-48.8
-43.92
-43.92
-53.68
-58.56
-58.56
-53.68
-34.16
-39.04
-39.04
-48.8
-63.44
-63.44
-68.32
-92.72
-97.6
-117.12
-122
-136.64
-151.28
-146.4
-156.16
-175.68
-185.44
-190.32
-170.8
-146.4
-102.48
-82.96
-126.88
-175.68
-239.12
-302.56
-292.8
-263.52
-263.52
-273.28
-287.92
-302.56
-292.8
-273.28
-234.24
-209.84
-204.96
-200.08
-209.84
-190.32
-170.8
-165.92
-156.16
-141.52
-131.76
-102.48
-97.6
-87.84
-73.2
-82.96
-82.96
-82.96
-87.84
-78.08
-78.08
-68.32
-63.44
-63.44
-48.8
-39.04
-39.04
-34.16
-39.04
-29.28
-19.52
-29.28
-24.4
-9.76
0
14.64
14.64
24.4
19.52
19.52
39.04
39.04
39.04
53.68
58.56
78.08
97.6
107.36
126.88
136.64
131.76
136.64
122
131.76
146.4
151.28
170.8
175.68
175.68
190.32
195.2
200.08
190.32
180.56
185.44
180.56
175.68
185.44
190.32
209.84
219.6
209.84
204.96
190.32
190.32
190.32
170.8
165.92
165.92
161.04
170.8
170.8
156.16
161.04
146.4
131.76
117.12
97.6
97.6
92.72
87.84
92.72
73.2
78.08
73.2
53.68
43.92
29.28
19.52
19.52
4.88
9.76
4.88
0
9.76
-9.76
-19.52
-29.28
-39.04
-34.16
-43.92
-48.8
-43.92
-48.8
-43.92
-48.8
-58.56
-43.92
-43.92
-48.8
-43.92
-53.68
-58.56
-53.68
-53.68
-43.92
-48.8
-48.8
-34.16
-43.92
-39.04
-48.8
-68.32
-68.32
-73.2
-87.84
-78.08
-73.2
-68.32
-63.44
-73.2
-68.32
-92.72
-102.48
-102.48
-112.24
-117.12
-117.12
-117.12
-112.24
-131.76
-141.52
-136.64
-131.76
-122
-122
-126.88
-107.36
-97.6
-68.32
-58.56
-53.68
-34.16
-39.04
-53.68
-48.8
-68.32
-68.32
-63.44
-73.2
-73.2
-63.44
-58.56
-43.92
-48.8
-43.92
-53.68
-63.44
-53.68
-53.68
-63.44
-53.68
-53.68
-34.16
-34.16
-43.92
-34.16
-29.28
-39.04
-34.16
-39.04
-43.92
-39.04
-39.04
-29.28
-39.04
-29.28
-14.64
-24.4
-19.52
-24.4
-34.16
-24.4
-24.4
-34.16
-29.28
-34.16
-24.4
-19.52
-19.52
-24.4
-29.28
-34.16
-39.04
-58.56
-58.56
-63.44
-78.08
-82.96
-107.36
-122
-117.12
-126.88
-141.52
-161.04
-175.68
-156.16
-146.4
-112.24
-68.32
-82.96
-107.36
-156.16
-248.88
-312.32
-307.44
-263.52
-253.76
-278.16
-283.04
-278.16
-263.52
-234.24
-209.84
-185.44
-185.44
-195.2
-180.56
-170.8
-151.28
-131.76
-122
-102.48
-92.72
-82.96
-58.56
-53.68
-58.56
-53.68
-53.68
-53.68
-43.92
-39.04
-24.4
-29.28
-24.4
-4.88
0
4.88
9.76
4.88
19.52
24.4
14.64
24.4
29.28
48.8
58.56
58.56
68.32
58.56
63.44
73.2
68.32
68.32
82.96
87.84
112.24
117.12
136.64
156.16
161.04
165.92
156.16
146.4
156.16
156.16
175.68
185.44
185.44
200.08
204.96
204.96
209.84
200.08
200.08
209.84
195.2
200.08
204.96
214.72
234.24
229.36
224.48
219.6
204.96
209.84
200.08
195.2
195.2
195.2
204.96
200.08
185.44
185.44
180.56
161.04
151.28
126.88
122
117.12
112.24
117.12
102.48
92.72
102.48
87.84
73.2
58.56
43.92
48.8
43.92
24.4
29.28
14.64
24.4
19.52
4.88
4.88
-9.76
-14.64
-9.76
-24.4
-14.64
-14.64
-4.88
4.88
0
0
9.76
0
-4.88
-14.64
-29.28
-29.28
-39.04
-29.28
-29.28
-39.04
-34.16
-34.16
-48.8
-53.68
-63.44
-53.68
-39.04
-48.8
-43.92
-48.8
-53.68
-34.16
-34.16
-39.04
-48.8
-58.56
-63.44
-78.08
-102.48
-102.48
-107.36
-87.84
-82.96
-92.72
-87.84
-92.72
-97.6
-102.48
-122
-122
-117.12
-122
-107.36
-112.24
-107.36
-97.6
-107.36
-107.36
-117.12
-126.88
-112.24
-117.12
-126.88
-122
-122
-107.36
-102.48
-112.24
-107.36
-122
-117.12
-112.24
-122
-112.24
-107.36
-97.6
-78.08
-73.2
-73.2
-53.68
-63.44
-63.44
-63.44
-68.32
-63.44
-68.32
-53.68
-53.68
-58.56
-48.8
-43.92
-53.68
-53.68
-63.44
-63.44
-63.44
-78.08
-78.08
-82.96
-87.84
-78.08
-87.84
-97.6
-117.12
-146.4
-156.16
-175.68
-195.2
-200.08
-214.72
-214.72
-204.96
-195.2
-170.8
-136.64
-112.24
-131.76
-190.32
-239.12
-317.2
-361.12
-326.96
-297.68
-297.68
-297.68
-307.44
-307.44
-302.56
-292.8
-263.52
-248.88
-239.12
-229.36
-224.48
-195.2
-165.92
-151.28
-146.4
-146.4
-131.76
-112.24
-107.36
-97.6
-92.72
-87.84
-68.32
-68.32
-63.44
-48.8
-43.92
-43.92
-39.04
-43.92
-24.4
-19.52
9.76
19.52
24.4
43.92
58.56
53.68
63.44
53.68
63.44
73.2
78.08
82.96
92.72
102.48
122
122
136.64
136.64
141.52
151.28
165.92
170.8
185.44
190.32
204.96
204.96
209.84
229.36
244
239.12
248.88
244
244
253.76
263.52
283.04
283.04
287.92
302.56
297.68
307.44
307.44
292.8
302.56
292.8
292.8
302.56
297.68
307.44
302.56
292.8
287.92
268.4
263.52
263.52
239.12
239.12
239.12
224.48
229.36
219.6
209.84
209.84
195.2
185.44
175.68
161.04
161.04
141.52
146.4
146.4
131.76
136.64
136.64
126.88
122
107.36
102.48
102.48
82.96
82.96
78.08
78.08
87.84
82.96
78.08
73.2
68.32
68.32
68.32
58.56
68.32
68.32
78.08
87.84
78.08
92.72
92.72
78.08
63.44
43.92
43.92
48.8
39.04
58.56
48.8
53.68
78.08
82.96
97.6
92.72
82.96
82.96
78.08
68.32
63.44
53.68
63.44
58.56
43.92
34.16
4.88
-9.76
-24.4
-48.8
-43.92
-43.92
-39.04
-29.28
-29.28
-29.28
-24.4
-29.28
-34.16
-39.04
-53.68
-43.92
-53.68
-48.8
-43.92
-48.8
-39.04
-39.04
-43.92
-43.92
-58.56
-53.68
-53.68
-68.32
-68.32
-58.56
-63.44
-48.8
-48.8
-48.8
-58.56
-58.56
-58.56
-68.32
-73.2
-58.56
-58.56
-48.8
-43.92
-48.8
-39.04
-29.28
-39.04
-43.92
-58.56
-58.56
-58.56
-53.68
-39.04
-43.92
-43.92
-34.16
-39.04
-43.92
-48.8
-58.56
-53.68
-58.56
-63.44
-63.44
-73.2
-68.32
-63.44
-78.08
-87.84
-122
-136.64
-146.4
-165.92
-165.92
-170.8
-180.56
-161.04
-161.04
-146.4
-107.36
-73.2
-68.32
-107.36
-161.04
-219.6
-292.8
-283.04
-253.76
-248.88
-253.76
-258.64
-278.16
-268.4
-263.52
-234.24
-209.84
-204.96
-195.2
-190.32
-170.8
-141.52
-126.88
-112.24
-112.24
-112.24
-87.84
-82.96
-78.08
-73.2
-73.2
-53.68
-43.92
-48.8
-29.28
-24.4
-29.28
-19.52
-24.4
-19.52
-14.64
-4.88
19.52
24.4
39.04
58.56
58.56
58.56
58.56
48.8
68.32
68.32
63.44
73.2
87.84
112.24
122
122
131.76
122
136.64
151.28
151.28
165.92
185.44
195.2
204.96
204.96
209.84
219.6
229.36
234.24
234.24
224.48
239.12
239.12
258.64
268.4
263.52
268.4
283.04
273.28
283.04
273.28
273.28
278.16
263.52
258.64
258.64
268.4
273.28
268.4
263.52
248.88
234.24
234.24
219.6
200.08
200.08
185.44
185.44
185.44
170.8
170.8
170.8
151.28
141.52
117.12
112.24
107.36
97.6
107.36
97.6
92.72
92.72
82.96
78.08
63.44
48.8
39.04
39.04
24.4
34.16
29.28
43.92
53.68
53.68
58.56
48.8
48.8
43.92
24.4
24.4
19.52
19.52
39.04
34.16
29.28
39.04
24.4
24.4
9.76
-4.88
0
-4.88
0
14.64
4.88
4.88
4.88
0
-14.64
-34.16
-34.16
-24.4
-29.28
-24.4
-29.28
-34.16
-29.28
-29.28
-34.16
-39.04
-43.92
-34.16
-53.68
-63.44
-63.44
-73.2
-68.32
-63.44
-73.2
-63.44
-58.56
-68.32
-73.2
-78.08
-78.08
-78.08
-78.08
-63.44
-68.32
-68.32
-48.8
-53.68
-53.68
-58.56
-73.2
-68.32
-73.2
-78.08
-73.2
-73.2
-63.44
-48.8
-53.68
-48.8
-63.44
-63.44
-58.56
-68.32
-68.32
-53.68
-48.8
-39.04
-43.92
-34.16
-24.4
-29.28
-29.28
-39.04
-48.8
-39.04
-34.16
-29.28
-19.52
-24.4
-14.64
-24.4
-34.16
-43.92
-63.44
-68.32
-73.2
-107.36
-117.12
-131.76
-146.4
-146.4
-161.04
-165.92
-190.32
-195.2
-180.56
-170.8
-156.16
-112.24
-112.24
-146.4
-185.44
-278.16
-346.48
-341.6
-312.32
-307.44
-336.72
-341.6
-341.6
-331.84
-302.56
-283.04
-253.76
-229.36
-229.36
-219.6
-209.84
-200.08
-175.68
-170.8
-165.92
-146.4
-126.88
-97.6
-78.08
-78.08
-68.32
-82.96
-73.2
-63.44
-73.2
-68.32
-53.68
-43.92
-24.4
-14.64
-4.88
14.64
19.52
24.4
34.16
29.28
48.8
53.68
73.2
87.84
82.96
97.6
112.24
107.36
122
112.24
122
136.64
136.64
146.4
165.92
175.68
209.84
219.6
229.36
214.72
214.72
229.36
224.48
224.48
239.12
248.88
268.4
273.28
268.4
287.92
302.56
307.44
307.44
292.8
297.68
302.56
317.2
331.84
326.96
326.96
341.6
336.72
336.72
331.84
317.2
317.2
307.44
287.92
287.92
283.04
283.04
278.16
273.28
263.52
234.24
224.48
224.48
195.2
185.44
180.56
180.56
185.44
175.68
161.04
175.68
161.04
156.16
131.76
112.24
112.24
102.48
102.48
102.48
92.72
102.48
102.48
97.6
92.72
73.2
78.08
82.96
68.32
73.2
68.32
68.32
68.32
63.44
53.68
43.92
34.16
39.04
29.28
19.52
14.64
4.88
14.64
14.64
4.88
9.76
24.4
14.64
4.88
-9.76
-19.52
-34.16
-43.92
-24.4
-24.4
-29.28
-19.52
-24.4
-29.28
-34.16
-39.04
-34.16
-34.16
-43.92
-48.8
-53.68
-48.8
-43.92
-53.68
-48.8
-68.32
-63.44
-63.44
-73.2
-73.2
-68.32
-63.44
-43.92
-53.68
-48.8
-39.04
-43.92
-48.8
-53.68
-63.44
-48.8
-58.56
-43.92
-39.04
-48.8
-34.16
-29.28
-39.04
-34.16
-43.92
-48.8
-43.92
-53.68
-53.68
-48.8
-43.92
-24.4
-29.28
-24.4
-34.16
-39.04
-34.16
-43.92
-48.8
-39.04
-43.92
-24.4
-24.4
-29.28
-19.52
-14.64
-24.4
-24.4
-39.04
-48.8
-53.68
-48.8
-43.92
-68.32
-87.84
-92.72
-112.24
-112.24
-131.76
-151.28
-161.04
-161.04
-156.16
-131.76
-102.48
-48.8
-53.68
-102.48
-165.92
-287.92
-356.24
-346.48
-341.6
-351.36
-366
-370.88
-366
-361.12
-346.48
-302.56
-287.92
-273.28
-278.16
-268.4
-248.88
-224.48
-190.32
-170.8
-165.92
-141.52
-117.12
-102.48
-97.6
-102.48
-102.48
-92.72
-97.6
-82.96
-78.08
-68.32
-43.92
-39.04
-29.28
-19.52
-24.4
-9.76
0
4.88
19.52
34.16
48.8
58.56
53.68
78.08
82.96
87.84
97.6
92.72
107.36
117.12
131.76
151.28
156.16
175.68
200.08
209.84
229.36
224.48
219.6
229.36
229.36
224.48
234.24
248.88
258.64
268.4
263.52
283.04
278.16
283.04
287.92
278.16
283.04
292.8
287.92
312.32
312.32
317.2
331.84
322.08
317.2
312.32
302.56
312.32
302.56
307.44
307.44
297.68
292.8
292.8
283.04
268.4
248.88
239.12
229.36
204.96
200.08
190.32
185.44
195.2
185.44
175.68
156.16
141.52
136.64
122
102.48
102.48
87.84
92.72
92.72
82.96
78.08
82.96
63.44
53.68
34.16
34.16
24.4
29.28
39.04
34.16
34.16
39.04
34.16
29.28
24.4
14.64
24.4
19.52
4.88
9.76
-4.88
-4.88
-4.88
-19.52
-24.4
-34.16
-34.16
-34.16
-53.68
-63.44
-68.32
-78.08
-73.2
-87.84
-92.72
-82.96
-97.6
-107.36
-117.12
-131.76
-126.88
-141.52
-131.76
-117.12
-97.6
-68.32
-53.68
-53.68
-43.92
-48.8
-34.16
-29.28
-39.04
-39.04
-39.04
-34.16
-24.4
-24.4
-24.4
-29.28
-39.04
-24.4
-34.16
-43.92
-34.16
-34.16
-24.4
-14.64
-19.52
-14.64
-9.76
-14.64
-19.52
-34.16
-34.16
-29.28
-29.28
-14.64
-19.52
-19.52
-4.88
-9.76
-9.76
-24.4
-24.4
-14.64
-24.4
-29.28
-19.52
-24.4
-14.64
-4.88
-14.64
-14.64
-29.28
-29.28
-29.28
-43.92
-43.92
-48.8
-53.68
-48.8
-63.44
-82.96
-92.72
-122
-146.4
-165.92
-185.44
-195.2
-214.72
-209.84
-200.08
-200.08
-170.8
-131.76
-131.76
-175.68
-253.76
-356.24
-439.2
-463.6
-439.2
-439.2
-453.84
-448.96
-458.72
-458.72
-444.08
-434.32
-405.04
-395.28
-390.4
-375.76
-356.24
-326.96
-297.68
-292.8
-268.4
-248.88
-234.24
-224.48
-224.48
-214.72
-204.96
-200.08
-175.68
-180.56
-170.8
-156.16
-151.28
-141.52
-141.52
-141.52
-126.88
-126.88
-122
-102.48
-87.84
-73.2
-58.56
-53.68
-43.92
-48.8
-39.04
-29.28
-34.16
-24.4
-4.88
4.88
34.16
39.04
53.68
82.96
87.84
102.48
112.24
112.24
117.12
117.12
136.64
141.52
146.4
161.04
170.8
170.8
180.56
170.8
180.56
190.32
180.56
185.44
195.2
200.08
224.48
224.48
224.48
224.48
224.48
234.24
234.24
224.48
234.24
224.48
239.12
239.12
234.24
239.12
248.88
234.24
229.36
209.84
204.96
190.32
185.44
185.44
175.68
165.92
175.68
161.04
156.16
141.52
122
112.24
107.36
87.84
92.72
73.2
73.2
73.2
63.44
53.68
34.16
24.4
19.52
0
-4.88
-9.76
-9.76
4.88
0
-4.88
9.76
-4.88
-4.88
-19.52
-29.28
-24.4
-24.4
-9.76
0
-9.76
-4.88
-9.76
-24.4
-34.16
-53.68
-53.68
-48.8
-63.44
-63.44
-78.08
-78.08
-78.08
-87.84
-97.6
-112.24
-126.88
-131.76
-141.52
-151.28
-151.28
-161.04
-146.4
-141.52
-156.16
-146.4
-126.88
-112.24
-97.6
-97.6
-92.72
-87.84
-78.08
-58.56
-53.68
-43.92
-24.4
-34.16
-34.16
-39.04
-58.56
-48.8
-58.56
-63.44
-53.68
-53.68
-43.92
-34.16
-43.92
-39.04
-53.68
-53.68
-53.68
-68.32
-68.32
-63.44
-63.44
-43.92
-43.92
-43.92
-29.28
-39.04
-39.04
-48.8
-58.56
-53.68
-53.68
-43.92
-34.16
-39.04
-29.28
-29.28
-34.16
-39.04
-43.92
-48.8
-39.04
-58.56
-53.68
-53.68
-43.92
-43.92
-53.68
-58.56
-73.2
-97.6
-107.36
-136.64
-165.92
-170.8
-180.56
-190.32
-200.08
-200.08
-185.44
-170.8
-156.16
-117.12
-141.52
-185.44
-239.12
-331.84
-390.4
-380.64
-346.48
-326.96
-346.48
-346.48
-356.24
-361.12
-331.84
-307.44
-292.8
-273.28
-263.52
-244
-224.48
-209.84
-185.44
-190.32
-175.68
-165.92
-165.92
-151.28
-131.76
-126.88
-107.36
-107.36
-92.72
-78.08
-78.08
-78.08
-78.08
-82.96
-68.32
-63.44
-43.92
-29.28
-24.4
-4.88
9.76
14.64
19.52
4.88
14.64
24.4
19.52
29.28
43.92
53.68
73.2
73.2
87.84
82.96
87.84
107.36
112.24
122
141.52
141.52
161.04
165.92
161.04
180.56
185.44
180.56
190.32
185.44
190.32
195.2
204.96
224.48
219.6
219.6
244
239.12
239.12
234.24
234.24
244
244
234.24
239.12
234.24
248.88
253.76
248.88
244
234.24
224.48
224.48
204.96
200.08
190.32
190.32
190.32
175.68
170.8
180.56
161.04
156.16
146.4
122
117.12
107.36
107.36
102.48
87.84
92.72
92.72
78.08
73.2
53.68
43.92
43.92
24.4
19.52
19.52
19.52
39.04
34.16
34.16
19.52
4.88
9.76
-4.88
-14.64
-9.76
-14.64
0
4.88
4.88
9.76
14.64
0
-4.88
-24.4
-29.28
-24.4
-24.4
-14.64
-19.52
-19.52
-14.64
-14.64
-24.4
-29.28
-48.8
-39.04
-43.92
-53.68
-48.8
-39.04
-29.28
-19.52
-24.4
-24.4
-39.04
-34.16
-39.04
-53.68
-58.56
-58.56
-53.68
-24.4
-19.52
-9.76
19.52
34.16
39.04
29.28
14.64
9.76
0
-4.88
-4.88
-14.64
-14.64
-19.52
-29.28
-34.16
-53.68
-58.56
-53.68
-68.32
-63.44
-63.44
-53.68
-34.16
-34.16
-34.16
-43.92
-58.56
-53.68
-63.44
-78.08
-73.2
-73.2
-63.44
-48.8
-58.56
-43.92
-39.04
-48.8
-48.8
-63.44
-58.56
-63.44
-63.44
-43.92
-53.68
-53.68
-39.04
-39.04
-43.92
-48.8
-63.44
-53.68
-63.44
-68.32
-63.44
-63.44
-48.8
-48.8
-48.8
-48.8
-58.56
-63.44
-58.56
-68.32
-63.44
-58.56
-53.68
-39.04
-48.8
-43.92
-29.28
-39.04
-39.04
-48.8
-63.44
-63.44
-68.32
-63.44
-68.32
-92.72
-107.36
-117.12
-136.64
-141.52
-161.04
-170.8
-175.68
-180.56
-161.04
-136.64
-97.6
-39.04
-48.8
-87.84
-151.28
-234.24
-263.52
-253.76
-244
-248.88
-263.52
-268.4
-263.52
-258.64
-229.36
-200.08
-185.44
-175.68
-185.44
-170.8
-156.16
-131.76
-102.48
-97.6
-82.96
-63.44
-53.68
-39.04
-43.92
-43.92
-43.92
-43.92
-43.92
-34.16
-34.16
-19.52
-9.76
-4.88
0
-9.76
-4.88
4.88
4.88
19.52
29.28
34.16
53.68
63.44
68.32
87.84
82.96
87.84
82.96
82.96
102.48
107.36
126.88
136.64
136.64
161.04
170.8
180.56
195.2
195.2
200.08
204.96
190.32
190.32
200.08
209.84
234.24
234.24
234.24
234.24
239.12
253.76
248.88
244
253.76
248.88
268.4
278.16
273.28
287.92
302.56
292.8
287.92
287.92
297.68
292.8
287.92
292.8
278.16
278.16
283.04
268.4
258.64
244
219.6
214.72
195.2
180.56
180.56
180.56
190.32
190.32
180.56
175.68
151.28
141.52
131.76
112.24
107.36
107.36
107.36
122
112.24
107.36
102.48
87.84
78.08
63.44
48.8
58.56
48.8
63.44
78.08
73.2
78.08
82.96
68.32
68.32
48.8
48.8
48.8
34.16
34.16
34.16
39.04
43.92
34.16
34.16
19.52
4.88
9.76
0
-9.76
-14.64
-9.76
-4.88
-4.88
-14.64
-4.88
0
0
4.88
0
9.76
14.64
9.76
14.64
4.88
4.88
14.64
9.76
9.76
-4.88
-14.64
-24.4
-34.16
-48.8
-43.92
-48.8
-34.16
-24.4
-29.28
-29.28
-48.8
-48.8
-48.8
-63.44
-58.56
-53.68
-48.8
-34.16
-34.16
-29.28
-19.52
-29.28
-34.16
-48.8
-63.44
-48.8
-53.68
-39.04
-34.16
-39.04
-29.28
-29.28
-34.16
-34.16
-53.68
-48.8
-43.92
-58.56
-53.68
-43.92
-39.04
-19.52
-34.16
-29.28
-43.92
-53.68
-48.8
-43.92
-53.68
-43.92
-48.8
-39.04
-39.04
-53.68
-43.92
-43.92
-58.56
-53.68
-78.08
-92.72
-112.24
-126.88
-136.64
-151.28
-161.04
-170.8
-185.44
-185.44
-185.44
-180.56
-156.16
-122
-146.4
-180.56
-234.24
-302.56
-361.12
-341.6
-302.56
-297.68
-307.44
-312.32
-322.08
-312.32
-283.04
-253.76
-214.72
-200.08
-185.44
-165.92
-161.04
-146.4
-131.76
-126.88
-117.12
-107.36
-78.08
-58.56
-53.68
-43.92
-39.04
-48.8
-43.92
-48.8
-53.68
-43.92
-48.8
-43.92
-34.16
-14.64
4.88
0
9.76
14.64
4.88
24.4
29.28
24.4
43.92
48.8
63.44
73.2
73.2
87.84
97.6
97.6
107.36
102.48
117.12
126.88
141.52
161.04
170.8
185.44
195.2
190.32
200.08
195.2
195.2
204.96
204.96
195.2
209.84
209.84
224.48
239.12
239.12
239.12
244
244
244
234.24
239.12
244
248.88
263.52
268.4
273.28
283.04
273.28
268.4
253.76
244
239.12
229.36
234.24
234.24
219.6
214.72
209.84
195.2
180.56
156.16
146.4
141.52
126.88
126.88
117.12
112.24
112.24
102.48
92.72
78.08
58.56
53.68
48.8
34.16
39.04
24.4
29.28
34.16
24.4
39.04
48.8
43.92
39.04
29.28
19.52
19.52
19.52
19.52
0
4.88
14.64
4.88
9.76
9.76
-9.76
-9.76
-24.4
-39.04
-39.04
-39.04
-29.28
-24.4
-29.28
-34.16
-43.92
-48.8
-58.56
-73.2
-68.32
-53.68
-48.8
-43.92
-43.92
-43.92
-34.16
-34.16
-34.16
-43.92
-53.68
-53.68
-58.56
-58.56
-53.68
-68.32
-53.68
-58.56
-63.44
-68.32
-82.96
-82.96
-78.08
-97.6
-87.84
-87.84
-78.08
-68.32
-78.08
-78.08
-82.96
-92.72
-78.08
-87.84
-97.6
-87.84
-82.96
-73.2
-73.2
-73.2
-63.44
-58.56
-63.44
-58.56
-73.2
-73.2
-63.44
-58.56
-48.8
-48.8
-43.92
-34.16
-34.16
-34.16
-43.92
-43.92
-39.04
-53.68
-58.56
-53.68
-58.56
-43.92
-39.04
-43.92
-39.04
-53.68
-58.56
-63.44
-73.2
-82.96
-97.6
-112.24
-112.24
-131.76
-141.52
-141.52
-156.16
-175.68
-190.32
-190.32
-175.68
-161.04
-122
-107.36
-141.52
-175.68
-244
-331.84
-346.48
-322.08
-307.44
-307.44
-326.96
-326.96
-317.2
-292.8
-258.64
-239.12
-219.6
-224.48
-224.48
-204.96
-185.44
-175.68
-146.4
-141.52
-117.12
-97.6
-87.84
-68.32
-58.56
-68.32
-68.32
-73.2
-68.32
-63.44
-53.68
-39.04
-39.04
-34.16
-9.76
-4.88
0
4.88
9.76
19.52
24.4
24.4
34.16
34.16
53.68
63.44
58.56
63.44
68.32
78.08
92.72
92.72
102.48
107.36
126.88
151.28
156.16
175.68
204.96
204.96
204.96
200.08
190.32
204.96
200.08
224.48
234.24
234.24
248.88
258.64
263.52
268.4
258.64
268.4
278.16
263.52
273.28
283.04
287.92
307.44
302.56
302.56
297.68
292.8
297.68
287.92
278.16
283.04
273.28
283.04
287.92
273.28
278.16
268.4
253.76
239.12
214.72
204.96
195.2
190.32
195.2
185.44
180.56
180.56
180.56
170.8
156.16
146.4
151.28
141.52
126.88
126.88
117.12
117.12
112.24
102.48
97.6
78.08
78.08
78.08
63.44
63.44
63.44
58.56
63.44
53.68
58.56
73.2
73.2
63.44
53.68
39.04
34.16
14.64
24.4
34.16
29.28
34.16
29.28
19.52
24.4
9.76
4.88
9.76
-4.88
-9.76
-19.52
-19.52
-14.64
-24.4
-24.4
-29.28
-48.8
-43.92
-53.68
-68.32
-63.44
-68.32
-58.56
-53.68
-63.44
-48.8
-48.8
-53.68
-58.56
-68.32
-73.2
-63.44
-58.56
-43.92
-48.8
-43.92
-34.16
-39.04
-39.04
-43.92
-58.56
-53.68
-53.68
-63.44
-53.68
-53.68
-39.04
-34.16
-34.16
-34.16
-43.92
-43.92
-34.16
-48.8
-39.04
-39.04
-34.16
-19.52
-19.52
-19.52
-4.88
-14.64
-9.76
-19.52
-24.4
-24.4
-34.16
-24.4
-29.28
-48.8
-58.56
-73.2
-87.84
-97.6
-126.88
-141.52
-151.28
-165.92
-156.16
-151.28
-131.76
-87.84
-102.48
-141.52
-190.32
-278.16
-346.48
-346.48
-312.32
-287.92
-297.68
-292.8
-283.04
-273.28
-248.88
-219.6
-200.08
-180.56
-190.32
-180.56
-165.92
-141.52
-107.36
-97.6
-87.84
-63.44
-58.56
-39.04
-39.04
-39.04
-39.04
-39.04
-39.04
-24.4
-19.52
-4.88
-4.88
0
4.88
-4.88
0
14.64
9.76
19.52
34.16
48.8
63.44
68.32
73.2
92.72
82.96
92.72
87.84
87.84
102.48
107.36
126.88
136.64
146.4
161.04
175.68
180.56
195.2
195.2
209.84
214.72
200.08
204.96
209.84
219.6
239.12
248.88
253.76
253.76
244
263.52
258.64
258.64
263.52
263.52
287.92
292.8
287.92
307.44
317.2
307.44
302.56
287.92
283.04
292.8
283.04
297.68
283.04
283.04
283.04
273.28
263.52
248.88
229.36
224.48
204.96
185.44
180.56
175.68
170.8
165.92
151.28
141.52
117.12
112.24
102.48
82.96
78.08
73.2
68.32
78.08
68.32
63.44
68.32
58.56
48.8
39.04
29.28
39.04
34.16
43.92
53.68
48.8
53.68
53.68
43.92
39.04
19.52
9.76
9.76
-4.88
0
0
0
9.76
0
-4.88
-14.64
-24.4
-24.4
-29.28
-34.16
-24.4
-29.28
-19.52
-19.52
-39.04
-43.92
-43.92
-43.92
-34.16
-48.8
-53.68
-58.56
-58.56
-43.92
-43.92
-43.92
-24.4
-34.16
-39.04
-48.8
-63.44
-58.56
-73.2
-82.96
-73.2
-78.08
-68.32
-63.44
-63.44
-63.44
-73.2
-73.2
-68.32
-82.96
-78.08
-73.2
-63.44
-48.8
-48.8
-48.8
-29.28
-39.04
-34.16
-43.92
-53.68
-43.92
-43.92
-34.16
-29.28
-29.28
-24.4
-24.4
-29.28
-29.28
-43.92
-39.04
-34.16
-43.92
-43.92
-34.16
-29.28
-19.52
-24.4
-19.52
-34.16
-43.92
-34.16
-34.16
-39.04
-34.16
-43.92
-34.16
-29.28
-43.92
-39.04
-39.04
-48.8
-58.56
-92.72
-107.36
-122
-136.64
-131.76
-151.28
-165.92
-161.04
-156.16
-146.4
-141.52
-117.12
-87.84
-126.88
-170.8
-229.36
-322.08
-326.96
-292.8
-273.28
-278.16
-297.68
-292.8
-287.92
-292.8
-268.4
-239.12
-209.84
-190.32
-185.44
-175.68
-146.4
-141.52
-122
-117.12
-117.12
-97.6
-87.84
-63.44
-48.8
-53.68
-43.92
-39.04
-39.04
-34.16
-43.92
-48.8
-39.04
-43.92
-34.16
-24.4
-19.52
0
9.76
19.52
19.52
14.64
29.28
24.4
24.4
34.16
39.04
53.68
68.32
68.32
87.84
97.6
102.48
112.24
107.36
117.12
131.76
146.4
175.68
175.68
190.32
195.2
190.32
200.08
195.2
195.2
209.84
204.96
204.96
214.72
224.48
234.24
248.88
248.88
258.64
248.88
253.76
263.52
253.76
248.88
263.52
263.52
278.16
268.4
273.28
283.04
278.16
268.4
253.76
239.12
239.12
224.48
229.36
224.48
204.96
204.96
204.96
185.44
180.56
151.28
146.4
136.64
117.12
112.24
102.48
102.48
102.48
92.72
87.84
73.2
58.56
58.56
53.68
34.16
39.04
34.16
43.92
48.8
39.04
48.8
53.68
43.92
39.04
24.4
29.28
29.28
24.4
39.04
34.16
34.16
43.92
34.16
34.16
29.28
19.52
19.52
14.64
-4.88
0
-9.76
0
0
-9.76
-9.76
-29.28
-34.16
-34.16
-48.8
-48.8
-48.8
-48.8
-39.04
-43.92
-48.8
-39.04
-48.8
-43.92
-58.56
-63.44
-63.44
-58.56
-48.8
-39.04
-43.92
-34.16
-29.28
-39.04
-43.92
-58.56
-63.44
-63.44
-82.96
-73.2
-73.2
-73.2
-63.44
-78.08
-82.96
-97.6
-112.24
-117.12
-136.64
-156.16
-165.92
-170.8
-156.16
-146.4
-146.4
-131.76
-122
-131.76
-117.12
-126.88
-117.12
-102.48
-87.84
-63.44
-63.44
-58.56
-39.04
-39.04
-34.16
-34.16
-34.16
-24.4
-34.16
-43.92
-34.16
-39.04
-24.4
-14.64
-14.64
-14.64
-29.28
-29.28
-29.28
-43.92
-43.92
-39.04
-34.16
-24.4
-34.16
-29.28
-19.52
-24.4
-29.28
-34.16
-43.92
-29.28
-39.04
-19.52
-19.52
-19.52
-9.76
-4.88
-9.76
-4.88
-24.4
-14.64
-14.64
-29.28
-29.28
-14.64
-14.64
-9.76
-19.52
-24.4
-39.04
-53.68
-58.56
-82.96
-107.36
-112.24
-117.12
-112.24
-117.12
-136.64
-126.88
-102.48
-82.96
-53.68
-19.52
-4.88
-43.92
-102.48
-175.68
-258.64
-263.52
-239.12
-253.76
-268.4
-283.04
-302.56
-287.92
-278.16
-263.52
-239.12
-229.36
-209.84
-195.2
-180.56
-165.92
-165.92
-151.28
-131.76
-126.88
-117.12
-97.6
-87.84
-68.32
-73.2
-63.44
-43.92
-39.04
-34.16
-43.92
-43.92
-24.4
-19.52
4.88
9.76
14.64
34.16
53.68
53.68
63.44
58.56
63.44
73.2
68.32
73.2
82.96
97.6
126.88
126.88
136.64
131.76
136.64
151.28
161.04
165.92
190.32
190.32
214.72
219.6
224.48
229.36
244
244
248.88
244
239.12
244
253.76
273.28
278.16
283.04
297.68
283.04
292.8
287.92
278.16
287.92
287.92
278.16
287.92
287.92
297.68
307.44
302.56
302.56
283.04
283.04
283.04
263.52
258.64
253.76
248.88
253.76
239.12
229.36
244
229.36
224.48
204.96
190.32
185.44
175.68
175.68
165.92
146.4
151.28
146.4
136.64
131.76
122
112.24
112.24
87.84
82.96
78.08
73.2
82.96
73.2
68.32
68.32
48.8
48.8
39.04
29.28
29.28
24.4
29.28
34.16
24.4
34.16
39.04
39.04
34.16
24.4
24.4
14.64
9.76
24.4
9.76
4.88
19.52
14.64
9.76
4.88
-14.64
-4.88
-19.52
-29.28
-24.4
-29.28
-9.76
-9.76
-24.4
-34.16
-58.56
-63.44
-73.2
-102.48
-112.24
-102.48
-82.96
-68.32
-63.44
-53.68
-29.28
-24.4
-9.76
-19.52
-24.4
-19.52
-29.28
-19.52
-19.52
-34.16
-24.4
-19.52
-24.4
-24.4
-34.16
-29.28
-29.28
-39.04
-39.04
-48.8
-43.92
-29.28
-39.04
-34.16
-34.16
-39.04
-39.04
-43.92
-53.68
-48.8
-53.68
-39.04
-34.16
-34.16
-24.4
-19.52
-29.28
-29.28
-43.92
-43.92
-43.92
-39.04
-29.28
-24.4
-24.4
-19.52
-19.52
-19.52
-29.28
-39.04
-34.16
-43.92
-53.68
-48.8
-48.8
-39.04
-39.04
-53.68
-53.68
-73.2
-87.84
-107.36
-141.52
-156.16
-165.92
-170.8
-165.92
-190.32
-200.08
-185.44
-180.56
-161.04
-136.64
-112.24
-122
-175.68
-244
-346.48
-405.04
-380.64
-375.76
-395.28
-409.92
-434.32
-434.32
-424.56
-405.04
-370.88
-351.36
-336.72
-312.32
-302.56
-283.04
-258.64
-248.88
-224.48
-219.6
-214.72
-185.44
-175.68
-156.16
-146.4
-146.4
-126.88
-122
-126.88
-122
-131.76
-126.88
-107.36
-92.72
-63.44
-63.44
-48.8
-29.28
-24.4
-9.76
-4.88
-14.64
0
4.88
0
14.64
24.4
43.92
53.68
63.44
78.08
73.2
92.72
107.36
107.36
122
146.4
161.04
175.68
175.68
185.44
200.08
200.08
209.84
204.96
195.2
204.96
209.84
229.36
244
244
248.88
258.64
253.76
253.76
244
253.76
258.64
248.88
258.64
263.52
273.28
287.92
283.04
278.16
273.28
258.64
258.64
258.64
244
248.88
229.36
234.24
229.36
209.84
209.84
200.08
185.44
175.68
151.28
146.4
136.64
136.64
136.64
122
117.12
126.88
107.36
102.48
92.72
82.96
78.08
68.32
53.68
48.8
39.04
39.04
39.04
29.28
24.4
9.76
9.76
19.52
4.88
0
0
4.88
14.64
14.64
14.64
24.4
24.4
24.4
14.64
0
0
-4.88
-4.88
-4.88
-14.64
-4.88
-4.88
-9.76
-9.76
-34.16
-34.16
-29.28
-48.8
-48.8
-48.8
-39.04
-29.28
-34.16
-43.92
-58.56
-78.08
-82.96
-102.48
-107.36
-87.84
-82.96
-68.32
-53.68
-53.68
-29.28
-14.64
-14.64
-9.76
-14.64
-19.52
-19.52
-24.4
-9.76
-19.52
-19.52
-9.76
-9.76
-9.76
-19.52
-29.28
-19.52
-34.16
-43.92
-34.16
-34.16
-29.28
-19.52
-29.28
-24.4
-43.92
-39.04
-39.04
-48.8
-53.68
-43.92
-43.92
-24.4
-29.28
-29.28
-14.64
-19.52
-19.52
-24.4
-34.16
-29.28
-29.28
-14.64
-9.76
-14.64
0
4.88
-4.88
0
-14.64
-19.52
-19.52
-29.28
-29.28
-29.28
-24.4
-19.52
-29.28
-34.16
-48.8
-78.08
-87.84
-107.36
-136.64
-131.76
-136.64
-141.52
-146.4
-165.92
-146.4
-126.88
-117.12
-82.96
-73.2
-92.72
-136.64
-200.08
-287.92
-331.84
-312.32
-297.68
-317.2
-331.84
-341.6
-351.36
-326.96
-307.44
-283.04
-258.64
-244
-219.6
-200.08
-200.08
-170.8
-165.92
-151.28
-131.76
-131.76
-112.24
-97.6
-82.96
-68.32
-73.2
-63.44
-48.8
-48.8
-43.92
-43.92
-48.8
-29.28
-24.4
-4.88
4.88
9.76
34.16
48.8
48.8
58.56
53.68
58.56
73.2
58.56
68.32
87.84
97.6
122
131.76
141.52
141.52
141.52
156.16
170.8
170.8
195.2
204.96
224.48
224.48
224.48
234.24
244
248.88
253.76
239.12
248.88
253.76
263.52
283.04
283.04
283.04
297.68
292.8
302.56
292.8
283.04
292.8
287.92
283.04
292.8
292.8
302.56
312.32
302.56
302.56
287.92
278.16
278.16
263.52
253.76
253.76
248.88
253.76
239.12
229.36
234.24
214.72
204.96
185.44
165.92
170.8
156.16
156.16
156.16
136.64
146.4
141.52
126.88
122
97.6
82.96
78.08
58.56
53.68
53.68
43.92
53.68
39.04
39.04
29.28
14.64
19.52
4.88
0
4.88
4.88
14.64
19.52
14.64
29.28
24.4
14.64
9.76
-9.76
-24.4
-24.4
-19.52
-14.64
-14.64
-14.64
-9.76
-19.52
-34.16
-43.92
-63.44
-68.32
-73.2
-82.96
-82.96
-97.6
-87.84
-97.6
-126.88
-126.88
-131.76
-117.12
-97.6
-102.48
-97.6
-82.96
-63.44
-48.8
-48.8
-43.92
-29.28
-39.04
-39.04
-48.8
-63.44
-53.68
-58.56
-48.8
-43.92
-43.92
-34.16
-34.16
-39.04
-34.16
-53.68
-48.8
-43.92
-53.68
-58.56
-53.68
-43.92
-34.16
-43.92
-43.92
-48.8
-53.68
-43.92
-48.8
-48.8
-43.92
-43.92
-29.28
-24.4
-29.28
-19.52
-9.76
-9.76
-14.64
-24.4
-24.4
-24.4
-19.52
-9.76
-14.64
-14.64
0
0
-4.88
-14.64
-29.28
-29.28
-43.92
-63.44
-73.2
-97.6
-102.48
-112.24
-126.88
-146.4
-180.56
-185.44
-180.56
-185.44
-180.56
-146.4
-122
-131.76
-180.56
-244
-326.96
-370.88
-331.84
-297.68
-312.32
-312.32
-312.32
-292.8
-278.16
-258.64
-224.48
-200.08
-190.32
-185.44
-195.2
-180.56
-156.16
-146.4
-136.64
-126.88
-117.12
-87.84
-82.96
-78.08
-82.96
-87.84
-78.08
-78.08
-82.96
-73.2
-78.08
-63.44
-53.68
-53.68
-29.28
-24.4
-19.52
-4.88
-14.64
-4.88
4.88
14.64
34.16
34.16
39.04
58.56
58.56
68.32
68.32
63.44
73.2
73.2
82.96
87.84
102.48
136.64
156.16
161.04
175.68
161.04
161.04
165.92
165.92
170.8
180.56
190.32
214.72
214.72
224.48
244
244
248.88
253.76
244
253.76
253.76
278.16
283.04
287.92
302.56
302.56
292.8
297.68
283.04
283.04
278.16
258.64
258.64
253.76
253.76
263.52
244
239.12
219.6
209.84
204.96
190.32
170.8
175.68
165.92
175.68
170.8
156.16
161.04
165.92
151.28
151.28
131.76
136.64
131.76
126.88
122
112.24
112.24
117.12
107.36
97.6
82.96
78.08
78.08
78.08
63.44
68.32
63.44
68.32
68.32
63.44
58.56
34.16
34.16
39.04
14.64
24.4
48.8
73.2
107.36
122
126.88
141.52
136.64
126.88
112.24
92.72
97.6
82.96
92.72
92.72
78.08
78.08
73.2
63.44
48.8
34.16
29.28
29.28
24.4
19.52
24.4
24.4
34.16
29.28
24.4
19.52
14.64
14.64
4.88
-9.76
-4.88
-4.88
4.88
14.64
9.76
24.4
24.4
14.64
14.64
4.88
0
9.76
9.76
29.28
19.52
24.4
29.28
29.28
24.4
19.52
14.64
24.4
14.64
14.64
14.64
19.52
34.16
34.16
29.28
34.16
19.52
24.4
29.28
19.52
19.52
24.4
29.28
34.16
29.28
34.16
43.92
39.04
43.92
34.16
19.52
24.4
14.64
24.4
14.64
-4.88
-14.64
-29.28
-53.68
-58.56
-82.96
-92.72
-112.24
-131.76
-122
-112.24
-87.84
-39.04
-34.16
-68.32
-112.24
-190.32
-263.52
-278.16
-248.88
-229.36
-234.24
-229.36
-219.6
-214.72
-185.44
-151.28
-131.76
-112.24
-122
-112.24
-97.6
-78.08
-43.92
-29.28
-14.64
9.76
14.64
29.28
34.16
29.28

